####################
#Sets#
####################
# 
set REGION := RE1;
set TECHNOLOGY := MINNGS MINHYD MINSOL MINWND CENGSSC CEHYD CEPWRTRN CESUN CEWND CENGSCC ;
set COMMODITY := NGS SOL WND HYD CEELC001 CEELC002 ;
set EMISSION := CO2eq ;
set STORAGE := ;
set YEAR := 2020 2021 2022 2023 2024 2025 2026 2027 2028 2029 2030 2031 2032 2033 2034 2035 2036 2037 2038 2039 2040 2041 2042 2043 2044 2045 2046 2047 2048 2049 2050 ;
set SEASON := 1 2 3 4 5 6 ;
set DAYTYPE := 1 ;
set DAILYTIMEBRACKET := 1 2 3 4 ;
set TIMESLICE := S11 S12 S13 S14 S21 S22 S23 S24 S31 S32 S33 S34 S41 S42 S43 S44 S51 S52 S53 S54 S61 S62 S63 S64 ;
set MODE_OF_OPERATION := 1 ;
set STORAGEINTRADAY := ;
set STORAGEINTRAYEAR := ;
set UDC := ;
####################
#Parameters#
####################
param TradeRoute  default 0 := 
; 
 
param Conversionls default 0 : 
1 2 3 4 5 6 :=
S11 1 0 0 0 0 0 
S12 1 0 0 0 0 0 
S13 1 0 0 0 0 0 
S14 1 0 0 0 0 0 
S21 0 1 0 0 0 0 
S22 0 1 0 0 0 0 
S23 0 1 0 0 0 0 
S24 0 1 0 0 0 0 
S31 0 0 1 0 0 0 
S32 0 0 1 0 0 0 
S33 0 0 1 0 0 0 
S34 0 0 1 0 0 0 
S41 0 0 0 1 0 0 
S42 0 0 0 1 0 0 
S43 0 0 0 1 0 0 
S44 0 0 0 1 0 0 
S51 0 0 0 0 1 0 
S52 0 0 0 0 1 0 
S53 0 0 0 0 1 0 
S54 0 0 0 0 1 0 
S61 0 0 0 0 0 1 
S62 0 0 0 0 0 1 
S63 0 0 0 0 0 1 
S64 0 0 0 0 0 1 
;

param Conversionld default 0 : 
1 :=
S11 1 
S12 1 
S13 1 
S14 1 
S21 1 
S22 1 
S23 1 
S24 1 
S31 1 
S32 1 
S33 1 
S34 1 
S41 1 
S42 1 
S43 1 
S44 1 
S51 1 
S52 1 
S53 1 
S54 1 
S61 1 
S62 1 
S63 1 
S64 1 
;

param Conversionlh default 0 : 
1 2 3 4 :=
S11 0 0 0 1 
S12 0 1 0 0 
S13 0 0 1 0 
S14 0 0 0 1 
S21 1 0 0 0 
S22 0 1 0 0 
S23 0 0 1 0 
S24 0 0 0 1 
S31 1 0 0 0 
S32 0 1 0 0 
S33 0 0 1 0 
S34 0 0 0 1 
S41 1 0 0 0 
S42 0 1 0 0 
S43 0 0 1 0 
S44 0 0 0 1 
S51 1 0 0 0 
S52 0 1 0 0 
S53 0 0 1 0 
S54 0 0 0 1 
S61 1 0 0 0 
S62 0 1 0 0 
S63 0 0 1 0 
S64 0 0 0 1 
;

param UDCTag default -1 :=
;
param DiscountRate default 0.05 := 
RE1 0.12 
; 
param DiscountRateIdv default 0.05 : 
MINNGS MINHYD MINSOL MINWND CENGSSC CEHYD CEPWRTRN CESUN CEWND CENGSCC :=
RE1 0.12 0.12 0.12 0.12 0.12 0.12 0.12 0.12 0.12 0.12 
;
param CapacityToActivityUnit default 1 : 
MINNGS MINHYD MINSOL MINWND CENGSSC CEHYD CEPWRTRN CESUN CEWND CENGSCC :=
RE1 1 1 1 1 31.53 31.53 31.53 31.53 31.53 31.53 
;
param OperationalLife default 1 : 
MINNGS MINHYD MINSOL MINWND CENGSSC CEHYD CEPWRTRN CESUN CEWND CENGSCC :=
RE1 1 1 1 1 20 50 50 25 30 20 
;
param TotalTechnologyModelPeriodActivityLowerLimit default 0 : 
MINNGS MINHYD MINSOL MINWND CENGSSC CEHYD CEPWRTRN CESUN CEWND CENGSCC :=
RE1 0 0 0 0 0 0 0 0 0 0 
;
param TotalTechnologyModelPeriodActivityUpperLimit default 999999 : 
MINNGS MINHYD MINSOL MINWND CENGSSC CEHYD CEPWRTRN CESUN CEWND CENGSCC :=
RE1 999999 999999 999999 999999 999999 999999 999999 999999 999999 999999 
;
param ModelPeriodEmissionLimit default 999999 : 
CO2eq :=
RE1 999999 
;
param UDCConstant default 0 := 
;
param UDCMultiplierTotalCapacity default 0 := 
;
param UDCMultiplierNewCapacity default 0 := 
;
param UDCMultiplierActivity default 0 := 
;
param YearSplit default 1 : 
2020 2021 2022 2023 2024 2025 2026 2027 2028 2029 2030 2031 2032 2033 2034 2035 2036 2037 2038 2039 2040 2041 2042 2043 2044 2045 2046 2047 2048 2049 2050 :=
S11 0.019 0.019 0.019 0.019 0.019 0.019 0.019 0.019 0.019 0.019 0.019 0.019 0.019 0.019 0.019 0.019 0.019 0.019 0.019 0.019 0.019 0.019 0.019 0.019 0.019 0.019 0.019 0.019 0.019 0.019 0.019 
S12 0.021 0.021 0.021 0.021 0.021 0.021 0.021 0.021 0.021 0.021 0.021 0.021 0.021 0.021 0.021 0.021 0.021 0.021 0.021 0.021 0.021 0.021 0.021 0.021 0.021 0.021 0.021 0.021 0.021 0.021 0.021 
S13 0.019 0.019 0.019 0.019 0.019 0.019 0.019 0.019 0.019 0.019 0.019 0.019 0.019 0.019 0.019 0.019 0.019 0.019 0.019 0.019 0.019 0.019 0.019 0.019 0.019 0.019 0.019 0.019 0.019 0.019 0.019 
S14 0.023 0.023 0.023 0.023 0.023 0.023 0.023 0.023 0.023 0.023 0.023 0.023 0.023 0.023 0.023 0.023 0.023 0.023 0.023 0.023 0.023 0.023 0.023 0.023 0.023 0.023 0.023 0.023 0.023 0.023 0.023 
S21 0.037 0.037 0.037 0.037 0.037 0.037 0.037 0.037 0.037 0.037 0.037 0.037 0.037 0.037 0.037 0.037 0.037 0.037 0.037 0.037 0.037 0.037 0.037 0.037 0.037 0.037 0.037 0.037 0.037 0.037 0.037 
S22 0.04 0.04 0.04 0.04 0.04 0.04 0.04 0.04 0.04 0.04 0.04 0.04 0.04 0.04 0.04 0.04 0.04 0.04 0.04 0.04 0.04 0.04 0.04 0.04 0.04 0.04 0.04 0.04 0.04 0.04 0.04 
S23 0.035 0.035 0.035 0.035 0.035 0.035 0.035 0.035 0.035 0.035 0.035 0.035 0.035 0.035 0.035 0.035 0.035 0.035 0.035 0.035 0.035 0.035 0.035 0.035 0.035 0.035 0.035 0.035 0.035 0.035 0.035 
S24 0.045 0.045 0.045 0.045 0.045 0.045 0.045 0.045 0.045 0.045 0.045 0.045 0.045 0.045 0.045 0.045 0.045 0.045 0.045 0.045 0.045 0.045 0.045 0.045 0.045 0.045 0.045 0.045 0.045 0.045 0.045 
S31 0.032 0.032 0.032 0.032 0.032 0.032 0.032 0.032 0.032 0.032 0.032 0.032 0.032 0.032 0.032 0.032 0.032 0.032 0.032 0.032 0.032 0.032 0.032 0.032 0.032 0.032 0.032 0.032 0.032 0.032 0.032 
S32 0.034 0.034 0.034 0.034 0.034 0.034 0.034 0.034 0.034 0.034 0.034 0.034 0.034 0.034 0.034 0.034 0.034 0.034 0.034 0.034 0.034 0.034 0.034 0.034 0.034 0.034 0.034 0.034 0.034 0.034 0.034 
S33 0.03 0.03 0.03 0.03 0.03 0.03 0.03 0.03 0.03 0.03 0.03 0.03 0.03 0.03 0.03 0.03 0.03 0.03 0.03 0.03 0.03 0.03 0.03 0.03 0.03 0.03 0.03 0.03 0.03 0.03 0.03 
S34 0.041 0.041 0.041 0.041 0.041 0.041 0.041 0.041 0.041 0.041 0.041 0.041 0.041 0.041 0.041 0.041 0.041 0.041 0.041 0.041 0.041 0.041 0.041 0.041 0.041 0.041 0.041 0.041 0.041 0.041 0.041 
S41 0.029 0.029 0.029 0.029 0.029 0.029 0.029 0.029 0.029 0.029 0.029 0.029 0.029 0.029 0.029 0.029 0.029 0.029 0.029 0.029 0.029 0.029 0.029 0.029 0.029 0.029 0.029 0.029 0.029 0.029 0.029 
S42 0.031 0.031 0.031 0.031 0.031 0.031 0.031 0.031 0.031 0.031 0.031 0.031 0.031 0.031 0.031 0.031 0.031 0.031 0.031 0.031 0.031 0.031 0.031 0.031 0.031 0.031 0.031 0.031 0.031 0.031 0.031 
S43 0.028 0.028 0.028 0.028 0.028 0.028 0.028 0.028 0.028 0.028 0.028 0.028 0.028 0.028 0.028 0.028 0.028 0.028 0.028 0.028 0.028 0.028 0.028 0.028 0.028 0.028 0.028 0.028 0.028 0.028 0.028 
S44 0.038 0.038 0.038 0.038 0.038 0.038 0.038 0.038 0.038 0.038 0.038 0.038 0.038 0.038 0.038 0.038 0.038 0.038 0.038 0.038 0.038 0.038 0.038 0.038 0.038 0.038 0.038 0.038 0.038 0.038 0.038 
S51 0.032 0.032 0.032 0.032 0.032 0.032 0.032 0.032 0.032 0.032 0.032 0.032 0.032 0.032 0.032 0.032 0.032 0.032 0.032 0.032 0.032 0.032 0.032 0.032 0.032 0.032 0.032 0.032 0.032 0.032 0.032 
S52 0.034 0.034 0.034 0.034 0.034 0.034 0.034 0.034 0.034 0.034 0.034 0.034 0.034 0.034 0.034 0.034 0.034 0.034 0.034 0.034 0.034 0.034 0.034 0.034 0.034 0.034 0.034 0.034 0.034 0.034 0.034 
S53 0.03 0.03 0.03 0.03 0.03 0.03 0.03 0.03 0.03 0.03 0.03 0.03 0.03 0.03 0.03 0.03 0.03 0.03 0.03 0.03 0.03 0.03 0.03 0.03 0.03 0.03 0.03 0.03 0.03 0.03 0.03 
S54 0.041 0.041 0.041 0.041 0.041 0.041 0.041 0.041 0.041 0.041 0.041 0.041 0.041 0.041 0.041 0.041 0.041 0.041 0.041 0.041 0.041 0.041 0.041 0.041 0.041 0.041 0.041 0.041 0.041 0.041 0.041 
S61 0.084 0.084 0.084 0.084 0.084 0.084 0.084 0.084 0.084 0.084 0.084 0.084 0.084 0.084 0.084 0.084 0.084 0.084 0.084 0.084 0.084 0.084 0.084 0.084 0.084 0.084 0.084 0.084 0.084 0.084 0.084 
S62 0.092 0.092 0.092 0.092 0.092 0.092 0.092 0.092 0.092 0.092 0.092 0.092 0.092 0.092 0.092 0.092 0.092 0.092 0.092 0.092 0.092 0.092 0.092 0.092 0.092 0.092 0.092 0.092 0.092 0.092 0.092 
S63 0.082 0.082 0.082 0.082 0.082 0.082 0.082 0.082 0.082 0.082 0.082 0.082 0.082 0.082 0.082 0.082 0.082 0.082 0.082 0.082 0.082 0.082 0.082 0.082 0.082 0.082 0.082 0.082 0.082 0.082 0.082 
S64 0.103 0.103 0.103 0.103 0.103 0.103 0.103 0.103 0.103 0.103 0.103 0.103 0.103 0.103 0.103 0.103 0.103 0.103 0.103 0.103 0.103 0.103 0.103 0.103 0.103 0.103 0.103 0.103 0.103 0.103 0.103 
;
param DaySplit default 1 : 
2020 2021 2022 2023 2024 2025 2026 2027 2028 2029 2030 2031 2032 2033 2034 2035 2036 2037 2038 2039 2040 2041 2042 2043 2044 2045 2046 2047 2048 2049 2050 :=
1 1 1 1 1 1 1 1 1 1 1 1 1 1 1 1 1 1 1 1 1 1 1 1 1 1 1 1 1 1 1 1 
2 1 1 1 1 1 1 1 1 1 1 1 1 1 1 1 1 1 1 1 1 1 1 1 1 1 1 1 1 1 1 1 
3 1 1 1 1 1 1 1 1 1 1 1 1 1 1 1 1 1 1 1 1 1 1 1 1 1 1 1 1 1 1 1 
4 1 1 1 1 1 1 1 1 1 1 1 1 1 1 1 1 1 1 1 1 1 1 1 1 1 1 1 1 1 1 1 
;
param DaysInDayType default 1 := 
;
param AvailabilityFactor default 1 := 
;
param CapitalCost default 0 := 
[RE1,*,*]: 
2020 2021 2022 2023 2024 2025 2026 2027 2028 2029 2030 2031 2032 2033 2034 2035 2036 2037 2038 2039 2040 2041 2042 2043 2044 2045 2046 2047 2048 2049 2050 :=
CENGSSC 913 913 913 913 913 913 913 913 913 913 913 913 913 913 913 913 913 913 913 913 913 913 913 913 913 913 913 913 913 913 913 
CEHYD 2410.95 2416.69 2422.43 2428.17 2433.91 2439.65 2445.39 2451.13 2456.87 2462.61 2468.35 2468.35 2468.35 2468.35 2468.35 2468.35 2468.35 2468.35 2468.35 2468.35 2468.35 2471.22 2474.09 2476.96 2479.83 2482.7 2485.57 2488.44 2491.31 2494.18 2497.05 
CEPWRTRN 746 746 746 746 746 746 746 746 746 746 746 746 746 746 746 746 746 746 746 746 746 746 746 746 746 746 746 746 746 746 746 
CESUN 836.84 819.61 802.38 785.15 767.92 750.69 733.46 716.23 699 681.77 664.55 657.16 649.78 642.39 635.01 627.63 620.24 612.86 605.47 598.09 590.71 583.32 575.94 568.56 561.17 553.79 546.4 539.02 531.64 524.25 516.87 
CEWND 2078.57 2072.28 2065.98 2059.68 2053.38 2047.08 2040.78 2034.48 2028.19 2021.89 2015.59 2015.59 2015.59 2015.59 2015.59 2015.59 2015.59 2015.59 2015.59 2015.59 2015.59 2007.71 1999.84 1991.97 1984.09 1976.22 1968.35 1960.47 1952.6 1944.73 1936.85 
CENGSCC 1450 1450 1450 1450 1450 1450 1450 1450 1450 1450 1450 1450 1450 1450 1450 1450 1450 1450 1450 1450 1450 1450 1450 1450 1450 1450 1450 1450 1450 1450 1450 
;
param FixedCost default 0 := 
[RE1,*,*]: 
2020 2021 2022 2023 2024 2025 2026 2027 2028 2029 2030 2031 2032 2033 2034 2035 2036 2037 2038 2039 2040 2041 2042 2043 2044 2045 2046 2047 2048 2049 2050 :=
CENGSSC 20 20 20 20 20 20 20 20 20 20 20 20 20 20 20 20 20 20 20 20 20 20 20 20 20 20 20 20 20 20 20 
CEHYD 60 60 60 60 60 60 60 60 60 60 70 70 70 70 70 70 70 70 70 70 75 75 75 75 75 75 75 75 75 75 75 
CEPWRTRN 0.0001 0.0001 0.0001 0.0001 0.0001 0.0001 0.0001 0.0001 0.0001 0.0001 0.0001 0.0001 0.0001 0.0001 0.0001 0.0001 0.0001 0.0001 0.0001 0.0001 0.0001 0.0001 0.0001 0.0001 0.0001 0.0001 0.0001 0.0001 0.0001 0.0001 0.0001 
CESUN 20 20 20 20 20 20 20 20 20 20 20 20 20 20 20 20 20 20 20 20 20 20 20 20 20 20 20 20 20 20 20 
CEWND 38 38 38 38 38 38 38 38 38 38 36 36 36 36 36 36 36 36 36 36 36 36 36 36 36 36 36 36 36 36 36 
CENGSCC 25 25 25 25 25 25 25 25 25 25 25 25 25 25 25 25 25 25 25 25 25 25 25 25 25 25 25 25 25 25 25 
;
param ResidualCapacity default 0 := 
[RE1,*,*]: 
2020 2021 2022 2023 2024 2025 2026 2027 2028 2029 2030 2031 2032 2033 2034 2035 2036 2037 2038 2039 2040 2041 2042 2043 2044 2045 2046 2047 2048 2049 2050 :=
CENGSSC 0.37829 0.378 0.378 0.378 0.378 0.378 0.378 0.378 0.378 0.378 0.013 0 0 0 0 0 0 0 0 0 0 0 0 0 0 0 0 0 0 0 0 
CEHYD 0.42847 0.428 0.428 0.428 0.428 0.71283 0.713 0.713 0.713 0.713 0.713 0.713 0.713 0.713 0.713 0.713 0.713 0.713 0.713 0.713 0.713 0.713 0.713 0.713 0.713 0.713 0.713 0.713 0.713 0.713 0.713 
CEPWRTRN 0.91 0.91 0.91 0.91 0.91 1.91 1.91 1.91 1.91 1.91 1.91 1.91 1.91 1.91 1.91 1.91 1.91 1.91 1.91 1.91 1.91 1.91 1.91 1.91 1.91 1.91 1.91 1.91 1.91 1.91 1.91 
CESUN 0.09862 0.099 0.099 0.099 0.099 0.099 0.099 0.099 0.099 0.099 0.099 0.099 0.099 0.099 0.099 0.099 0.099 0.099 0.099 0.099 0.099 0.099 0.099 0.099 0.099 0.049 0.049 0 0 0 0 
CEWND 0.02654 0.027 0.027 0.027 0.027 0.027 0.027 0.027 0.027 0.027 0.027 0.027 0.024 0.024 0.024 0.024 0.024 0 0 0 0 0 0 0 0 0 0 0 0 0 0 
CENGSCC 0.39677 0.397 0.397 0.397 0.397 0.397 0.397 0.397 0.397 0.397 0.397 0.397 0.397 0.397 0.397 0.397 0.397 0.397 0.397 0.397 0.132 0.132 0 0 0 0 0 0 0 0 0 
;
param TotalAnnualMaxCapacity default 999999 := 
[RE1,*,*]: 
2020 2021 2022 2023 2024 2025 2026 2027 2028 2029 2030 2031 2032 2033 2034 2035 2036 2037 2038 2039 2040 2041 2042 2043 2044 2045 2046 2047 2048 2049 2050 :=
CEHYD 34.2 34.2 34.2 34.2 34.2 34.2 34.2 34.2 34.2 34.2 34.2 34.2 34.2 34.2 34.2 34.2 34.2 34.2 34.2 34.2 34.2 34.2 34.2 34.2 34.2 34.2 34.2 34.2 34.2 34.2 34.2 
;
param TotalAnnualMaxCapacityInvestment default 999999 := 
;
param TotalAnnualMinCapacity default 0 := 
;
param TotalAnnualMinCapacityInvestment default 0 := 
;
param TotalTechnologyAnnualActivityLowerLimit default 0 := 
;
param TotalTechnologyAnnualActivityUpperLimit default 999999 := 
;
param CapacityOfOneTechnologyUnit default 0 := 
;
param VariableCost default 0.0001 := 
[RE1,CENGSSC,*,*]: 
2020 2021 2022 2023 2024 2025 2026 2027 2028 2029 2030 2031 2032 2033 2034 2035 2036 2037 2038 2039 2040 2041 2042 2043 2044 2045 2046 2047 2048 2049 2050 :=
1 3.6094 3.609 3.609 3.609 3.609 3.609 3.609 3.609 3.609 3.609 3.609 3.609 3.609 3.609 3.609 3.609 3.609 3.609 3.609 3.609 3.609 3.609 3.609 3.609 3.609 3.609 3.609 3.609 3.609 3.609 3.609 
[RE1,CENGSCC,*,*]: 
2020 2021 2022 2023 2024 2025 2026 2027 2028 2029 2030 2031 2032 2033 2034 2035 2036 2037 2038 2039 2040 2041 2042 2043 2044 2045 2046 2047 2048 2049 2050 :=
1 2.364 2.364 2.364 2.364 2.364 2.364 2.364 2.364 2.364 2.364 2.364 2.364 2.364 2.364 2.364 2.364 2.364 2.364 2.364 2.364 2.364 2.364 2.364 2.364 2.364 2.364 2.364 2.364 2.364 2.364 2.364 
;
param TechnologyActivityByModeLowerLimit default 0 := 
;
param TechnologyActivityByModeUpperLimit default 99999 := 
;
param TechnologyActivityDecreaseByModeLimit default 0 := 
;
param TechnologyActivityIncreaseByModeLimit default 0 := 
;
param InputToNewCapacityRatio default 0 := 
;
param InputToTotalCapacityRatio default 0 := 
;
param InputActivityRatio default 0 := 
[RE1,CENGSSC,NGS,*,*]:
2020 2021 2022 2023 2024 2025 2026 2027 2028 2029 2030 2031 2032 2033 2034 2035 2036 2037 2038 2039 2040 2041 2042 2043 2044 2045 2046 2047 2048 2049 2050 :=
1 2.631578947 2.632 2.632 2.632 2.632 2.632 2.632 2.632 2.632 2.632 2.632 2.632 2.632 2.632 2.632 2.632 2.632 2.632 2.632 2.632 2.632 2.632 2.632 2.632 2.632 2.632 2.632 2.632 2.632 2.632 2.632 
[RE1,CEHYD,HYD,*,*]:
2020 2021 2022 2023 2024 2025 2026 2027 2028 2029 2030 2031 2032 2033 2034 2035 2036 2037 2038 2039 2040 2041 2042 2043 2044 2045 2046 2047 2048 2049 2050 :=
1 1 1 1 1 1 1 1 1 1 1 1 1 1 1 1 1 1 1 1 1 1 1 1 1 1 1 1 1 1 1 1 
[RE1,CEPWRTRN,CEELC001,*,*]:
2020 2021 2022 2023 2024 2025 2026 2027 2028 2029 2030 2031 2032 2033 2034 2035 2036 2037 2038 2039 2040 2041 2042 2043 2044 2045 2046 2047 2048 2049 2050 :=
1 1 1 1 1 1 1 1 1 1 1 1 1 1 1 1 1 1 1 1 1 1 1 1 1 1 1 1 1 1 1 1 
[RE1,CESUN,SOL,*,*]:
2020 2021 2022 2023 2024 2025 2026 2027 2028 2029 2030 2031 2032 2033 2034 2035 2036 2037 2038 2039 2040 2041 2042 2043 2044 2045 2046 2047 2048 2049 2050 :=
1 1 1 1 1 1 1 1 1 1 1 1 1 1 1 1 1 1 1 1 1 1 1 1 1 1 1 1 1 1 1 1 
[RE1,CEWND,WND,*,*]:
2020 2021 2022 2023 2024 2025 2026 2027 2028 2029 2030 2031 2032 2033 2034 2035 2036 2037 2038 2039 2040 2041 2042 2043 2044 2045 2046 2047 2048 2049 2050 :=
1 1 1 1 1 1 1 1 1 1 1 1 1 1 1 1 1 1 1 1 1 1 1 1 1 1 1 1 1 1 1 1 
[RE1,CENGSCC,NGS,*,*]:
2020 2021 2022 2023 2024 2025 2026 2027 2028 2029 2030 2031 2032 2033 2034 2035 2036 2037 2038 2039 2040 2041 2042 2043 2044 2045 2046 2047 2048 2049 2050 :=
1 1.754385965 1.754 1.754 1.754 1.754 1.754 1.754 1.754 1.754 1.754 1.754 1.754 1.754 1.754 1.754 1.754 1.754 1.754 1.754 1.754 1.754 1.754 1.754 1.754 1.754 1.754 1.754 1.754 1.754 1.754 1.754 
;
param OutputActivityRatio default 0 := 
[RE1,MINNGS,NGS,*,*]:
2020 2021 2022 2023 2024 2025 2026 2027 2028 2029 2030 2031 2032 2033 2034 2035 2036 2037 2038 2039 2040 2041 2042 2043 2044 2045 2046 2047 2048 2049 2050 :=
1 1 1 1 1 1 1 1 1 1 1 1 1 1 1 1 1 1 1 1 1 1 1 1 1 1 1 1 1 1 1 1 
[RE1,MINHYD,HYD,*,*]:
2020 2021 2022 2023 2024 2025 2026 2027 2028 2029 2030 2031 2032 2033 2034 2035 2036 2037 2038 2039 2040 2041 2042 2043 2044 2045 2046 2047 2048 2049 2050 :=
1 1 1 1 1 1 1 1 1 1 1 1 1 1 1 1 1 1 1 1 1 1 1 1 1 1 1 1 1 1 1 1 
[RE1,MINSOL,SOL,*,*]:
2020 2021 2022 2023 2024 2025 2026 2027 2028 2029 2030 2031 2032 2033 2034 2035 2036 2037 2038 2039 2040 2041 2042 2043 2044 2045 2046 2047 2048 2049 2050 :=
1 1 1 1 1 1 1 1 1 1 1 1 1 1 1 1 1 1 1 1 1 1 1 1 1 1 1 1 1 1 1 1 
[RE1,MINWND,WND,*,*]:
2020 2021 2022 2023 2024 2025 2026 2027 2028 2029 2030 2031 2032 2033 2034 2035 2036 2037 2038 2039 2040 2041 2042 2043 2044 2045 2046 2047 2048 2049 2050 :=
1 1 1 1 1 1 1 1 1 1 1 1 1 1 1 1 1 1 1 1 1 1 1 1 1 1 1 1 1 1 1 1 
[RE1,CENGSSC,CEELC001,*,*]:
2020 2021 2022 2023 2024 2025 2026 2027 2028 2029 2030 2031 2032 2033 2034 2035 2036 2037 2038 2039 2040 2041 2042 2043 2044 2045 2046 2047 2048 2049 2050 :=
1 1 1 1 1 1 1 1 1 1 1 1 1 1 1 1 1 1 1 1 1 1 1 1 1 1 1 1 1 1 1 1 
[RE1,CEHYD,CEELC001,*,*]:
2020 2021 2022 2023 2024 2025 2026 2027 2028 2029 2030 2031 2032 2033 2034 2035 2036 2037 2038 2039 2040 2041 2042 2043 2044 2045 2046 2047 2048 2049 2050 :=
1 1 1 1 1 1 1 1 1 1 1 1 1 1 1 1 1 1 1 1 1 1 1 1 1 1 1 1 1 1 1 1 
[RE1,CEPWRTRN,CEELC002,*,*]:
2020 2021 2022 2023 2024 2025 2026 2027 2028 2029 2030 2031 2032 2033 2034 2035 2036 2037 2038 2039 2040 2041 2042 2043 2044 2045 2046 2047 2048 2049 2050 :=
1 0.95 0.95 0.95 0.95 0.95 0.95 0.95 0.95 0.95 0.95 0.95 0.95 0.95 0.95 0.95 0.95 0.95 0.95 0.95 0.95 0.95 0.95 0.95 0.95 0.95 0.95 0.95 0.95 0.95 0.95 0.95 
[RE1,CESUN,CEELC001,*,*]:
2020 2021 2022 2023 2024 2025 2026 2027 2028 2029 2030 2031 2032 2033 2034 2035 2036 2037 2038 2039 2040 2041 2042 2043 2044 2045 2046 2047 2048 2049 2050 :=
1 1 1 1 1 1 1 1 1 1 1 1 1 1 1 1 1 1 1 1 1 1 1 1 1 1 1 1 1 1 1 1 
[RE1,CEWND,CEELC001,*,*]:
2020 2021 2022 2023 2024 2025 2026 2027 2028 2029 2030 2031 2032 2033 2034 2035 2036 2037 2038 2039 2040 2041 2042 2043 2044 2045 2046 2047 2048 2049 2050 :=
1 1 1 1 1 1 1 1 1 1 1 1 1 1 1 1 1 1 1 1 1 1 1 1 1 1 1 1 1 1 1 1 
;
param OperationalLifeStorage default 1 :=
;
param StorageLevelStart default 1 :=
;
param CapitalCostStorage default 0 := 
;
param ResidualStorageCapacity default 0 := 
;
param MinStorageCharge default 0 := 
;
param TechnologyToStorage default 0 := 
;
param TechnologyFromStorage default 0 := 
;
param CapacityFactor default 1 := 
[RE1,CENGSSC,*,*]: 
2020 2021 2022 2023 2024 2025 2026 2027 2028 2029 2030 2031 2032 2033 2034 2035 2036 2037 2038 2039 2040 2041 2042 2043 2044 2045 2046 2047 2048 2049 2050 :=
S11 0.76 0.76 0.76 0.76 0.76 0.76 0.76 0.76 0.76 0.76 0.76 0.76 0.76 0.76 0.76 0.76 0.76 0.76 0.76 0.76 0.76 0.76 0.76 0.76 0.76 0.76 0.76 0.76 0.76 0.76 0.76 
S12 0.76 0.76 0.76 0.76 0.76 0.76 0.76 0.76 0.76 0.76 0.76 0.76 0.76 0.76 0.76 0.76 0.76 0.76 0.76 0.76 0.76 0.76 0.76 0.76 0.76 0.76 0.76 0.76 0.76 0.76 0.76 
S13 0.76 0.76 0.76 0.76 0.76 0.76 0.76 0.76 0.76 0.76 0.76 0.76 0.76 0.76 0.76 0.76 0.76 0.76 0.76 0.76 0.76 0.76 0.76 0.76 0.76 0.76 0.76 0.76 0.76 0.76 0.76 
S14 0.76 0.76 0.76 0.76 0.76 0.76 0.76 0.76 0.76 0.76 0.76 0.76 0.76 0.76 0.76 0.76 0.76 0.76 0.76 0.76 0.76 0.76 0.76 0.76 0.76 0.76 0.76 0.76 0.76 0.76 0.76 
S21 0.76 0.76 0.76 0.76 0.76 0.76 0.76 0.76 0.76 0.76 0.76 0.76 0.76 0.76 0.76 0.76 0.76 0.76 0.76 0.76 0.76 0.76 0.76 0.76 0.76 0.76 0.76 0.76 0.76 0.76 0.76 
S22 0.76 0.76 0.76 0.76 0.76 0.76 0.76 0.76 0.76 0.76 0.76 0.76 0.76 0.76 0.76 0.76 0.76 0.76 0.76 0.76 0.76 0.76 0.76 0.76 0.76 0.76 0.76 0.76 0.76 0.76 0.76 
S23 0.76 0.76 0.76 0.76 0.76 0.76 0.76 0.76 0.76 0.76 0.76 0.76 0.76 0.76 0.76 0.76 0.76 0.76 0.76 0.76 0.76 0.76 0.76 0.76 0.76 0.76 0.76 0.76 0.76 0.76 0.76 
S24 0.76 0.76 0.76 0.76 0.76 0.76 0.76 0.76 0.76 0.76 0.76 0.76 0.76 0.76 0.76 0.76 0.76 0.76 0.76 0.76 0.76 0.76 0.76 0.76 0.76 0.76 0.76 0.76 0.76 0.76 0.76 
S31 0.76 0.76 0.76 0.76 0.76 0.76 0.76 0.76 0.76 0.76 0.76 0.76 0.76 0.76 0.76 0.76 0.76 0.76 0.76 0.76 0.76 0.76 0.76 0.76 0.76 0.76 0.76 0.76 0.76 0.76 0.76 
S32 0.76 0.76 0.76 0.76 0.76 0.76 0.76 0.76 0.76 0.76 0.76 0.76 0.76 0.76 0.76 0.76 0.76 0.76 0.76 0.76 0.76 0.76 0.76 0.76 0.76 0.76 0.76 0.76 0.76 0.76 0.76 
S33 0.76 0.76 0.76 0.76 0.76 0.76 0.76 0.76 0.76 0.76 0.76 0.76 0.76 0.76 0.76 0.76 0.76 0.76 0.76 0.76 0.76 0.76 0.76 0.76 0.76 0.76 0.76 0.76 0.76 0.76 0.76 
S34 0.76 0.76 0.76 0.76 0.76 0.76 0.76 0.76 0.76 0.76 0.76 0.76 0.76 0.76 0.76 0.76 0.76 0.76 0.76 0.76 0.76 0.76 0.76 0.76 0.76 0.76 0.76 0.76 0.76 0.76 0.76 
S41 0.76 0.76 0.76 0.76 0.76 0.76 0.76 0.76 0.76 0.76 0.76 0.76 0.76 0.76 0.76 0.76 0.76 0.76 0.76 0.76 0.76 0.76 0.76 0.76 0.76 0.76 0.76 0.76 0.76 0.76 0.76 
S42 0.76 0.76 0.76 0.76 0.76 0.76 0.76 0.76 0.76 0.76 0.76 0.76 0.76 0.76 0.76 0.76 0.76 0.76 0.76 0.76 0.76 0.76 0.76 0.76 0.76 0.76 0.76 0.76 0.76 0.76 0.76 
S43 0.76 0.76 0.76 0.76 0.76 0.76 0.76 0.76 0.76 0.76 0.76 0.76 0.76 0.76 0.76 0.76 0.76 0.76 0.76 0.76 0.76 0.76 0.76 0.76 0.76 0.76 0.76 0.76 0.76 0.76 0.76 
S44 0.76 0.76 0.76 0.76 0.76 0.76 0.76 0.76 0.76 0.76 0.76 0.76 0.76 0.76 0.76 0.76 0.76 0.76 0.76 0.76 0.76 0.76 0.76 0.76 0.76 0.76 0.76 0.76 0.76 0.76 0.76 
S51 0.76 0.76 0.76 0.76 0.76 0.76 0.76 0.76 0.76 0.76 0.76 0.76 0.76 0.76 0.76 0.76 0.76 0.76 0.76 0.76 0.76 0.76 0.76 0.76 0.76 0.76 0.76 0.76 0.76 0.76 0.76 
S52 0.76 0.76 0.76 0.76 0.76 0.76 0.76 0.76 0.76 0.76 0.76 0.76 0.76 0.76 0.76 0.76 0.76 0.76 0.76 0.76 0.76 0.76 0.76 0.76 0.76 0.76 0.76 0.76 0.76 0.76 0.76 
S53 0.76 0.76 0.76 0.76 0.76 0.76 0.76 0.76 0.76 0.76 0.76 0.76 0.76 0.76 0.76 0.76 0.76 0.76 0.76 0.76 0.76 0.76 0.76 0.76 0.76 0.76 0.76 0.76 0.76 0.76 0.76 
S54 0.76 0.76 0.76 0.76 0.76 0.76 0.76 0.76 0.76 0.76 0.76 0.76 0.76 0.76 0.76 0.76 0.76 0.76 0.76 0.76 0.76 0.76 0.76 0.76 0.76 0.76 0.76 0.76 0.76 0.76 0.76 
S61 0.76 0.76 0.76 0.76 0.76 0.76 0.76 0.76 0.76 0.76 0.76 0.76 0.76 0.76 0.76 0.76 0.76 0.76 0.76 0.76 0.76 0.76 0.76 0.76 0.76 0.76 0.76 0.76 0.76 0.76 0.76 
S62 0.76 0.76 0.76 0.76 0.76 0.76 0.76 0.76 0.76 0.76 0.76 0.76 0.76 0.76 0.76 0.76 0.76 0.76 0.76 0.76 0.76 0.76 0.76 0.76 0.76 0.76 0.76 0.76 0.76 0.76 0.76 
S63 0.76 0.76 0.76 0.76 0.76 0.76 0.76 0.76 0.76 0.76 0.76 0.76 0.76 0.76 0.76 0.76 0.76 0.76 0.76 0.76 0.76 0.76 0.76 0.76 0.76 0.76 0.76 0.76 0.76 0.76 0.76 
S64 0.76 0.76 0.76 0.76 0.76 0.76 0.76 0.76 0.76 0.76 0.76 0.76 0.76 0.76 0.76 0.76 0.76 0.76 0.76 0.76 0.76 0.76 0.76 0.76 0.76 0.76 0.76 0.76 0.76 0.76 0.76 
[RE1,CEHYD,*,*]: 
2020 2021 2022 2023 2024 2025 2026 2027 2028 2029 2030 2031 2032 2033 2034 2035 2036 2037 2038 2039 2040 2041 2042 2043 2044 2045 2046 2047 2048 2049 2050 :=
S11 0.563729448 0.564 0.564 0.564 0.564 0.564 0.564 0.564 0.564 0.564 0.564 0.564 0.564 0.564 0.564 0.564 0.564 0.564 0.564 0.564 0.564 0.564 0.564 0.564 0.564 0.564 0.564 0.564 0.564 0.564 0.564 
S12 0.571467191 0.571 0.571 0.571 0.571 0.571 0.571 0.571 0.571 0.571 0.571 0.571 0.571 0.571 0.571 0.571 0.571 0.571 0.571 0.571 0.571 0.571 0.571 0.571 0.571 0.571 0.571 0.571 0.571 0.571 0.571 
S13 0.577824403 0.578 0.578 0.578 0.578 0.578 0.578 0.578 0.578 0.578 0.578 0.578 0.578 0.578 0.578 0.578 0.578 0.578 0.578 0.578 0.578 0.578 0.578 0.578 0.578 0.578 0.578 0.578 0.578 0.578 0.578 
S14 0.584181615 0.584 0.584 0.584 0.584 0.584 0.584 0.584 0.584 0.584 0.584 0.584 0.584 0.584 0.584 0.584 0.584 0.584 0.584 0.584 0.584 0.584 0.584 0.584 0.584 0.584 0.584 0.584 0.584 0.584 0.584 
S31 0.722220724 0.722 0.722 0.722 0.722 0.722 0.722 0.722 0.722 0.722 0.722 0.722 0.722 0.722 0.722 0.722 0.722 0.722 0.722 0.722 0.722 0.722 0.722 0.722 0.722 0.722 0.722 0.722 0.722 0.722 0.722 
S32 0.717286058 0.717 0.717 0.717 0.717 0.717 0.717 0.717 0.717 0.717 0.717 0.717 0.717 0.717 0.717 0.717 0.717 0.717 0.717 0.717 0.717 0.717 0.717 0.717 0.717 0.717 0.717 0.717 0.717 0.717 0.717 
S33 0.713110572 0.713 0.713 0.713 0.713 0.713 0.713 0.713 0.713 0.713 0.713 0.713 0.713 0.713 0.713 0.713 0.713 0.713 0.713 0.713 0.713 0.713 0.713 0.713 0.713 0.713 0.713 0.713 0.713 0.713 0.713 
S34 0.708935086 0.709 0.709 0.709 0.709 0.709 0.709 0.709 0.709 0.709 0.709 0.709 0.709 0.709 0.709 0.709 0.709 0.709 0.709 0.709 0.709 0.709 0.709 0.709 0.709 0.709 0.709 0.709 0.709 0.709 0.709 
S41 0.33422177 0.334 0.334 0.334 0.334 0.334 0.334 0.334 0.334 0.334 0.334 0.334 0.334 0.334 0.334 0.334 0.334 0.334 0.334 0.334 0.334 0.334 0.334 0.334 0.334 0.334 0.334 0.334 0.334 0.334 0.334 
S42 0.33349606 0.333 0.333 0.333 0.333 0.333 0.333 0.333 0.333 0.333 0.333 0.333 0.333 0.333 0.333 0.333 0.333 0.333 0.333 0.333 0.333 0.333 0.333 0.333 0.333 0.333 0.333 0.333 0.333 0.333 0.333 
S43 0.332881998 0.333 0.333 0.333 0.333 0.333 0.333 0.333 0.333 0.333 0.333 0.333 0.333 0.333 0.333 0.333 0.333 0.333 0.333 0.333 0.333 0.333 0.333 0.333 0.333 0.333 0.333 0.333 0.333 0.333 0.333 
S44 0.332267936 0.332 0.332 0.332 0.332 0.332 0.332 0.332 0.332 0.332 0.332 0.332 0.332 0.332 0.332 0.332 0.332 0.332 0.332 0.332 0.332 0.332 0.332 0.332 0.332 0.332 0.332 0.332 0.332 0.332 0.332 
S51 0.24957518 0.25 0.25 0.25 0.25 0.25 0.25 0.25 0.25 0.25 0.25 0.25 0.25 0.25 0.25 0.25 0.25 0.25 0.25 0.25 0.25 0.25 0.25 0.25 0.25 0.25 0.25 0.25 0.25 0.25 0.25 
S52 0.249514128 0.25 0.25 0.25 0.25 0.25 0.25 0.25 0.25 0.25 0.25 0.25 0.25 0.25 0.25 0.25 0.25 0.25 0.25 0.25 0.25 0.25 0.25 0.25 0.25 0.25 0.25 0.25 0.25 0.25 0.25 
S53 0.249462469 0.249 0.249 0.249 0.249 0.249 0.249 0.249 0.249 0.249 0.249 0.249 0.249 0.249 0.249 0.249 0.249 0.249 0.249 0.249 0.249 0.249 0.249 0.249 0.249 0.249 0.249 0.249 0.249 0.249 0.249 
S54 0.24941081 0.249 0.249 0.249 0.249 0.249 0.249 0.249 0.249 0.249 0.249 0.249 0.249 0.249 0.249 0.249 0.249 0.249 0.249 0.249 0.249 0.249 0.249 0.249 0.249 0.249 0.249 0.249 0.249 0.249 0.249 
S61 0.259598964 0.26 0.26 0.26 0.26 0.26 0.26 0.26 0.26 0.26 0.26 0.26 0.26 0.26 0.26 0.26 0.26 0.26 0.26 0.26 0.26 0.26 0.26 0.26 0.26 0.26 0.26 0.26 0.26 0.26 0.26 
S62 0.259713404 0.26 0.26 0.26 0.26 0.26 0.26 0.26 0.26 0.26 0.26 0.26 0.26 0.26 0.26 0.26 0.26 0.26 0.26 0.26 0.26 0.26 0.26 0.26 0.26 0.26 0.26 0.26 0.26 0.26 0.26 
S63 0.259810238 0.26 0.26 0.26 0.26 0.26 0.26 0.26 0.26 0.26 0.26 0.26 0.26 0.26 0.26 0.26 0.26 0.26 0.26 0.26 0.26 0.26 0.26 0.26 0.26 0.26 0.26 0.26 0.26 0.26 0.26 
S64 0.259907072 0.26 0.26 0.26 0.26 0.26 0.26 0.26 0.26 0.26 0.26 0.26 0.26 0.26 0.26 0.26 0.26 0.26 0.26 0.26 0.26 0.26 0.26 0.26 0.26 0.26 0.26 0.26 0.26 0.26 0.26 
[RE1,CESUN,*,*]: 
2020 2021 2022 2023 2024 2025 2026 2027 2028 2029 2030 2031 2032 2033 2034 2035 2036 2037 2038 2039 2040 2041 2042 2043 2044 2045 2046 2047 2048 2049 2050 :=
S11 0 0 0 0 0 0 0 0 0 0 0 0 0 0 0 0 0 0 0 0 0 0 0 0 0 0 0 0 0 0 0 
S12 0.333467742 0.333 0.333 0.333 0.333 0.333 0.333 0.333 0.333 0.333 0.333 0.333 0.333 0.333 0.333 0.333 0.333 0.333 0.333 0.333 0.333 0.333 0.333 0.333 0.333 0.333 0.333 0.333 0.333 0.333 0.333 
S13 0.40016129 0.4 0.4 0.4 0.4 0.4 0.4 0.4 0.4 0.4 0.4 0.4 0.4 0.4 0.4 0.4 0.4 0.4 0.4 0.4 0.4 0.4 0.4 0.4 0.4 0.4 0.4 0.4 0.4 0.4 0.4 
S14 0.066336898 0.066 0.066 0.066 0.066 0.066 0.066 0.066 0.066 0.066 0.066 0.066 0.066 0.066 0.066 0.066 0.066 0.066 0.066 0.066 0.066 0.066 0.066 0.066 0.066 0.066 0.066 0.066 0.066 0.066 0.066 
S21 0 0 0 0 0 0 0 0 0 0 0 0 0 0 0 0 0 0 0 0 0 0 0 0 0 0 0 0 0 0 0 
S22 0.35 0.35 0.35 0.35 0.35 0.35 0.35 0.35 0.35 0.35 0.35 0.35 0.35 0.35 0.35 0.35 0.35 0.35 0.35 0.35 0.35 0.35 0.35 0.35 0.35 0.35 0.35 0.35 0.35 0.35 0.35 
S23 0.42 0.42 0.42 0.42 0.42 0.42 0.42 0.42 0.42 0.42 0.42 0.42 0.42 0.42 0.42 0.42 0.42 0.42 0.42 0.42 0.42 0.42 0.42 0.42 0.42 0.42 0.42 0.42 0.42 0.42 0.42 
S24 0.07 0.07 0.07 0.07 0.07 0.07 0.07 0.07 0.07 0.07 0.07 0.07 0.07 0.07 0.07 0.07 0.07 0.07 0.07 0.07 0.07 0.07 0.07 0.07 0.07 0.07 0.07 0.07 0.07 0.07 0.07 
S31 0 0 0 0 0 0 0 0 0 0 0 0 0 0 0 0 0 0 0 0 0 0 0 0 0 0 0 0 0 0 0 
S32 0.385519126 0.386 0.386 0.386 0.386 0.386 0.386 0.386 0.386 0.386 0.386 0.386 0.386 0.386 0.386 0.386 0.386 0.386 0.386 0.386 0.386 0.386 0.386 0.386 0.386 0.386 0.386 0.386 0.386 0.386 0.386 
S33 0.462622951 0.463 0.463 0.463 0.463 0.463 0.463 0.463 0.463 0.463 0.463 0.463 0.463 0.463 0.463 0.463 0.463 0.463 0.463 0.463 0.463 0.463 0.463 0.463 0.463 0.463 0.463 0.463 0.463 0.463 0.463 
S34 0.077103825 0.077 0.077 0.077 0.077 0.077 0.077 0.077 0.077 0.077 0.077 0.077 0.077 0.077 0.077 0.077 0.077 0.077 0.077 0.077 0.077 0.077 0.077 0.077 0.077 0.077 0.077 0.077 0.077 0.077 0.077 
S41 0 0 0 0 0 0 0 0 0 0 0 0 0 0 0 0 0 0 0 0 0 0 0 0 0 0 0 0 0 0 0 
S42 0.33510929 0.335 0.335 0.335 0.335 0.335 0.335 0.335 0.335 0.335 0.335 0.335 0.335 0.335 0.335 0.335 0.335 0.335 0.335 0.335 0.335 0.335 0.335 0.335 0.335 0.335 0.335 0.335 0.335 0.335 0.335 
S43 0.402131148 0.402 0.402 0.402 0.402 0.402 0.402 0.402 0.402 0.402 0.402 0.402 0.402 0.402 0.402 0.402 0.402 0.402 0.402 0.402 0.402 0.402 0.402 0.402 0.402 0.402 0.402 0.402 0.402 0.402 0.402 
S44 0.067021858 0.067 0.067 0.067 0.067 0.067 0.067 0.067 0.067 0.067 0.067 0.067 0.067 0.067 0.067 0.067 0.067 0.067 0.067 0.067 0.067 0.067 0.067 0.067 0.067 0.067 0.067 0.067 0.067 0.067 0.067 
S51 0 0 0 0 0 0 0 0 0 0 0 0 0 0 0 0 0 0 0 0 0 0 0 0 0 0 0 0 0 0 0 
S52 0.363037634 0.363 0.363 0.363 0.363 0.363 0.363 0.363 0.363 0.363 0.363 0.363 0.363 0.363 0.363 0.363 0.363 0.363 0.363 0.363 0.363 0.363 0.363 0.363 0.363 0.363 0.363 0.363 0.363 0.363 0.363 
S53 0.435645161 0.436 0.436 0.436 0.436 0.436 0.436 0.436 0.436 0.436 0.436 0.436 0.436 0.436 0.436 0.436 0.436 0.436 0.436 0.436 0.436 0.436 0.436 0.436 0.436 0.436 0.436 0.436 0.436 0.436 0.436 
S54 0.072607527 0.073 0.073 0.073 0.073 0.073 0.073 0.073 0.073 0.073 0.073 0.073 0.073 0.073 0.073 0.073 0.073 0.073 0.073 0.073 0.073 0.073 0.073 0.073 0.073 0.073 0.073 0.073 0.073 0.073 0.073 
S61 0.003956044 0.004 0.004 0.004 0.004 0.004 0.004 0.004 0.004 0.004 0.004 0.004 0.004 0.004 0.004 0.004 0.004 0.004 0.004 0.004 0.004 0.004 0.004 0.004 0.004 0.004 0.004 0.004 0.004 0.004 0.004 
S62 0.384056777 0.384 0.384 0.384 0.384 0.384 0.384 0.384 0.384 0.384 0.384 0.384 0.384 0.384 0.384 0.384 0.384 0.384 0.384 0.384 0.384 0.384 0.384 0.384 0.384 0.384 0.384 0.384 0.384 0.384 0.384 
S63 0.459945055 0.46 0.46 0.46 0.46 0.46 0.46 0.46 0.46 0.46 0.46 0.46 0.46 0.46 0.46 0.46 0.46 0.46 0.46 0.46 0.46 0.46 0.46 0.46 0.46 0.46 0.46 0.46 0.46 0.46 0.46 
S64 0.076657509 0.077 0.077 0.077 0.077 0.077 0.077 0.077 0.077 0.077 0.077 0.077 0.077 0.077 0.077 0.077 0.077 0.077 0.077 0.077 0.077 0.077 0.077 0.077 0.077 0.077 0.077 0.077 0.077 0.077 0.077 
[RE1,CEWND,*,*]: 
2020 2021 2022 2023 2024 2025 2026 2027 2028 2029 2030 2031 2032 2033 2034 2035 2036 2037 2038 2039 2040 2041 2042 2043 2044 2045 2046 2047 2048 2049 2050 :=
S11 0.123810039 0.124 0.124 0.124 0.124 0.124 0.124 0.124 0.124 0.124 0.124 0.124 0.124 0.124 0.124 0.124 0.124 0.124 0.124 0.124 0.124 0.124 0.124 0.124 0.124 0.124 0.124 0.124 0.124 0.124 0.124 
S12 0.174594708 0.175 0.175 0.175 0.175 0.175 0.175 0.175 0.175 0.175 0.175 0.175 0.175 0.175 0.175 0.175 0.175 0.175 0.175 0.175 0.175 0.175 0.175 0.175 0.175 0.175 0.175 0.175 0.175 0.175 0.175 
S13 0.186853076 0.187 0.187 0.187 0.187 0.187 0.187 0.187 0.187 0.187 0.187 0.187 0.187 0.187 0.187 0.187 0.187 0.187 0.187 0.187 0.187 0.187 0.187 0.187 0.187 0.187 0.187 0.187 0.187 0.187 0.187 
S14 0.177109096 0.177 0.177 0.177 0.177 0.177 0.177 0.177 0.177 0.177 0.177 0.177 0.177 0.177 0.177 0.177 0.177 0.177 0.177 0.177 0.177 0.177 0.177 0.177 0.177 0.177 0.177 0.177 0.177 0.177 0.177 
S21 0.114360426 0.114 0.114 0.114 0.114 0.114 0.114 0.114 0.114 0.114 0.114 0.114 0.114 0.114 0.114 0.114 0.114 0.114 0.114 0.114 0.114 0.114 0.114 0.114 0.114 0.114 0.114 0.114 0.114 0.114 0.114 
S22 0.161453686 0.161 0.161 0.161 0.161 0.161 0.161 0.161 0.161 0.161 0.161 0.161 0.161 0.161 0.161 0.161 0.161 0.161 0.161 0.161 0.161 0.161 0.161 0.161 0.161 0.161 0.161 0.161 0.161 0.161 0.161 
S23 0.172821025 0.173 0.173 0.173 0.173 0.173 0.173 0.173 0.173 0.173 0.173 0.173 0.173 0.173 0.173 0.173 0.173 0.173 0.173 0.173 0.173 0.173 0.173 0.173 0.173 0.173 0.173 0.173 0.173 0.173 0.173 
S24 0.165627815 0.166 0.166 0.166 0.166 0.166 0.166 0.166 0.166 0.166 0.166 0.166 0.166 0.166 0.166 0.166 0.166 0.166 0.166 0.166 0.166 0.166 0.166 0.166 0.166 0.166 0.166 0.166 0.166 0.166 0.166 
S31 0.132529953 0.133 0.133 0.133 0.133 0.133 0.133 0.133 0.133 0.133 0.133 0.133 0.133 0.133 0.133 0.133 0.133 0.133 0.133 0.133 0.133 0.133 0.133 0.133 0.133 0.133 0.133 0.133 0.133 0.133 0.133 
S32 0.191554762 0.192 0.192 0.192 0.192 0.192 0.192 0.192 0.192 0.192 0.192 0.192 0.192 0.192 0.192 0.192 0.192 0.192 0.192 0.192 0.192 0.192 0.192 0.192 0.192 0.192 0.192 0.192 0.192 0.192 0.192 
S33 0.20580213 0.206 0.206 0.206 0.206 0.206 0.206 0.206 0.206 0.206 0.206 0.206 0.206 0.206 0.206 0.206 0.206 0.206 0.206 0.206 0.206 0.206 0.206 0.206 0.206 0.206 0.206 0.206 0.206 0.206 0.206 
S34 0.190821958 0.191 0.191 0.191 0.191 0.191 0.191 0.191 0.191 0.191 0.191 0.191 0.191 0.191 0.191 0.191 0.191 0.191 0.191 0.191 0.191 0.191 0.191 0.191 0.191 0.191 0.191 0.191 0.191 0.191 0.191 
S41 0.202900884 0.203 0.203 0.203 0.203 0.203 0.203 0.203 0.203 0.203 0.203 0.203 0.203 0.203 0.203 0.203 0.203 0.203 0.203 0.203 0.203 0.203 0.203 0.203 0.203 0.203 0.203 0.203 0.203 0.203 0.203 
S42 0.279985278 0.28 0.28 0.28 0.28 0.28 0.28 0.28 0.28 0.28 0.28 0.28 0.28 0.28 0.28 0.28 0.28 0.28 0.28 0.28 0.28 0.28 0.28 0.28 0.28 0.28 0.28 0.28 0.28 0.28 0.28 
S43 0.298591856 0.299 0.299 0.299 0.299 0.299 0.299 0.299 0.299 0.299 0.299 0.299 0.299 0.299 0.299 0.299 0.299 0.299 0.299 0.299 0.299 0.299 0.299 0.299 0.299 0.299 0.299 0.299 0.299 0.299 0.299 
S44 0.352079406 0.352 0.352 0.352 0.352 0.352 0.352 0.352 0.352 0.352 0.352 0.352 0.352 0.352 0.352 0.352 0.352 0.352 0.352 0.352 0.352 0.352 0.352 0.352 0.352 0.352 0.352 0.352 0.352 0.352 0.352 
S51 0.241453158 0.241 0.241 0.241 0.241 0.241 0.241 0.241 0.241 0.241 0.241 0.241 0.241 0.241 0.241 0.241 0.241 0.241 0.241 0.241 0.241 0.241 0.241 0.241 0.241 0.241 0.241 0.241 0.241 0.241 0.241 
S52 0.336337867 0.336 0.336 0.336 0.336 0.336 0.336 0.336 0.336 0.336 0.336 0.336 0.336 0.336 0.336 0.336 0.336 0.336 0.336 0.336 0.336 0.336 0.336 0.336 0.336 0.336 0.336 0.336 0.336 0.336 0.336 
S53 0.359241073 0.359 0.359 0.359 0.359 0.359 0.359 0.359 0.359 0.359 0.359 0.359 0.359 0.359 0.359 0.359 0.359 0.359 0.359 0.359 0.359 0.359 0.359 0.359 0.359 0.359 0.359 0.359 0.359 0.359 0.359 
S54 0.419057357 0.419 0.419 0.419 0.419 0.419 0.419 0.419 0.419 0.419 0.419 0.419 0.419 0.419 0.419 0.419 0.419 0.419 0.419 0.419 0.419 0.419 0.419 0.419 0.419 0.419 0.419 0.419 0.419 0.419 0.419 
S61 0.25060019 0.251 0.251 0.251 0.251 0.251 0.251 0.251 0.251 0.251 0.251 0.251 0.251 0.251 0.251 0.251 0.251 0.251 0.251 0.251 0.251 0.251 0.251 0.251 0.251 0.251 0.251 0.251 0.251 0.251 0.251 
S62 0.358800028 0.359 0.359 0.359 0.359 0.359 0.359 0.359 0.359 0.359 0.359 0.359 0.359 0.359 0.359 0.359 0.359 0.359 0.359 0.359 0.359 0.359 0.359 0.359 0.359 0.359 0.359 0.359 0.359 0.359 0.359 
S63 0.38491723 0.385 0.385 0.385 0.385 0.385 0.385 0.385 0.385 0.385 0.385 0.385 0.385 0.385 0.385 0.385 0.385 0.385 0.385 0.385 0.385 0.385 0.385 0.385 0.385 0.385 0.385 0.385 0.385 0.385 0.385 
S64 0.379739622 0.38 0.38 0.38 0.38 0.38 0.38 0.38 0.38 0.38 0.38 0.38 0.38 0.38 0.38 0.38 0.38 0.38 0.38 0.38 0.38 0.38 0.38 0.38 0.38 0.38 0.38 0.38 0.38 0.38 0.38 
[RE1,CENGSCC,*,*]: 
2020 2021 2022 2023 2024 2025 2026 2027 2028 2029 2030 2031 2032 2033 2034 2035 2036 2037 2038 2039 2040 2041 2042 2043 2044 2045 2046 2047 2048 2049 2050 :=
S11 0.76 0.76 0.76 0.76 0.76 0.76 0.76 0.76 0.76 0.76 0.76 0.76 0.76 0.76 0.76 0.76 0.76 0.76 0.76 0.76 0.76 0.76 0.76 0.76 0.76 0.76 0.76 0.76 0.76 0.76 0.76 
S12 0.76 0.76 0.76 0.76 0.76 0.76 0.76 0.76 0.76 0.76 0.76 0.76 0.76 0.76 0.76 0.76 0.76 0.76 0.76 0.76 0.76 0.76 0.76 0.76 0.76 0.76 0.76 0.76 0.76 0.76 0.76 
S13 0.76 0.76 0.76 0.76 0.76 0.76 0.76 0.76 0.76 0.76 0.76 0.76 0.76 0.76 0.76 0.76 0.76 0.76 0.76 0.76 0.76 0.76 0.76 0.76 0.76 0.76 0.76 0.76 0.76 0.76 0.76 
S14 0.76 0.76 0.76 0.76 0.76 0.76 0.76 0.76 0.76 0.76 0.76 0.76 0.76 0.76 0.76 0.76 0.76 0.76 0.76 0.76 0.76 0.76 0.76 0.76 0.76 0.76 0.76 0.76 0.76 0.76 0.76 
S21 0.76 0.76 0.76 0.76 0.76 0.76 0.76 0.76 0.76 0.76 0.76 0.76 0.76 0.76 0.76 0.76 0.76 0.76 0.76 0.76 0.76 0.76 0.76 0.76 0.76 0.76 0.76 0.76 0.76 0.76 0.76 
S22 0.76 0.76 0.76 0.76 0.76 0.76 0.76 0.76 0.76 0.76 0.76 0.76 0.76 0.76 0.76 0.76 0.76 0.76 0.76 0.76 0.76 0.76 0.76 0.76 0.76 0.76 0.76 0.76 0.76 0.76 0.76 
S23 0.76 0.76 0.76 0.76 0.76 0.76 0.76 0.76 0.76 0.76 0.76 0.76 0.76 0.76 0.76 0.76 0.76 0.76 0.76 0.76 0.76 0.76 0.76 0.76 0.76 0.76 0.76 0.76 0.76 0.76 0.76 
S24 0.76 0.76 0.76 0.76 0.76 0.76 0.76 0.76 0.76 0.76 0.76 0.76 0.76 0.76 0.76 0.76 0.76 0.76 0.76 0.76 0.76 0.76 0.76 0.76 0.76 0.76 0.76 0.76 0.76 0.76 0.76 
S31 0.76 0.76 0.76 0.76 0.76 0.76 0.76 0.76 0.76 0.76 0.76 0.76 0.76 0.76 0.76 0.76 0.76 0.76 0.76 0.76 0.76 0.76 0.76 0.76 0.76 0.76 0.76 0.76 0.76 0.76 0.76 
S32 0.76 0.76 0.76 0.76 0.76 0.76 0.76 0.76 0.76 0.76 0.76 0.76 0.76 0.76 0.76 0.76 0.76 0.76 0.76 0.76 0.76 0.76 0.76 0.76 0.76 0.76 0.76 0.76 0.76 0.76 0.76 
S33 0.76 0.76 0.76 0.76 0.76 0.76 0.76 0.76 0.76 0.76 0.76 0.76 0.76 0.76 0.76 0.76 0.76 0.76 0.76 0.76 0.76 0.76 0.76 0.76 0.76 0.76 0.76 0.76 0.76 0.76 0.76 
S34 0.76 0.76 0.76 0.76 0.76 0.76 0.76 0.76 0.76 0.76 0.76 0.76 0.76 0.76 0.76 0.76 0.76 0.76 0.76 0.76 0.76 0.76 0.76 0.76 0.76 0.76 0.76 0.76 0.76 0.76 0.76 
S41 0.76 0.76 0.76 0.76 0.76 0.76 0.76 0.76 0.76 0.76 0.76 0.76 0.76 0.76 0.76 0.76 0.76 0.76 0.76 0.76 0.76 0.76 0.76 0.76 0.76 0.76 0.76 0.76 0.76 0.76 0.76 
S42 0.76 0.76 0.76 0.76 0.76 0.76 0.76 0.76 0.76 0.76 0.76 0.76 0.76 0.76 0.76 0.76 0.76 0.76 0.76 0.76 0.76 0.76 0.76 0.76 0.76 0.76 0.76 0.76 0.76 0.76 0.76 
S43 0.76 0.76 0.76 0.76 0.76 0.76 0.76 0.76 0.76 0.76 0.76 0.76 0.76 0.76 0.76 0.76 0.76 0.76 0.76 0.76 0.76 0.76 0.76 0.76 0.76 0.76 0.76 0.76 0.76 0.76 0.76 
S44 0.76 0.76 0.76 0.76 0.76 0.76 0.76 0.76 0.76 0.76 0.76 0.76 0.76 0.76 0.76 0.76 0.76 0.76 0.76 0.76 0.76 0.76 0.76 0.76 0.76 0.76 0.76 0.76 0.76 0.76 0.76 
S51 0.76 0.76 0.76 0.76 0.76 0.76 0.76 0.76 0.76 0.76 0.76 0.76 0.76 0.76 0.76 0.76 0.76 0.76 0.76 0.76 0.76 0.76 0.76 0.76 0.76 0.76 0.76 0.76 0.76 0.76 0.76 
S52 0.76 0.76 0.76 0.76 0.76 0.76 0.76 0.76 0.76 0.76 0.76 0.76 0.76 0.76 0.76 0.76 0.76 0.76 0.76 0.76 0.76 0.76 0.76 0.76 0.76 0.76 0.76 0.76 0.76 0.76 0.76 
S53 0.76 0.76 0.76 0.76 0.76 0.76 0.76 0.76 0.76 0.76 0.76 0.76 0.76 0.76 0.76 0.76 0.76 0.76 0.76 0.76 0.76 0.76 0.76 0.76 0.76 0.76 0.76 0.76 0.76 0.76 0.76 
S54 0.76 0.76 0.76 0.76 0.76 0.76 0.76 0.76 0.76 0.76 0.76 0.76 0.76 0.76 0.76 0.76 0.76 0.76 0.76 0.76 0.76 0.76 0.76 0.76 0.76 0.76 0.76 0.76 0.76 0.76 0.76 
S61 0.76 0.76 0.76 0.76 0.76 0.76 0.76 0.76 0.76 0.76 0.76 0.76 0.76 0.76 0.76 0.76 0.76 0.76 0.76 0.76 0.76 0.76 0.76 0.76 0.76 0.76 0.76 0.76 0.76 0.76 0.76 
S62 0.76 0.76 0.76 0.76 0.76 0.76 0.76 0.76 0.76 0.76 0.76 0.76 0.76 0.76 0.76 0.76 0.76 0.76 0.76 0.76 0.76 0.76 0.76 0.76 0.76 0.76 0.76 0.76 0.76 0.76 0.76 
S63 0.76 0.76 0.76 0.76 0.76 0.76 0.76 0.76 0.76 0.76 0.76 0.76 0.76 0.76 0.76 0.76 0.76 0.76 0.76 0.76 0.76 0.76 0.76 0.76 0.76 0.76 0.76 0.76 0.76 0.76 0.76 
S64 0.76 0.76 0.76 0.76 0.76 0.76 0.76 0.76 0.76 0.76 0.76 0.76 0.76 0.76 0.76 0.76 0.76 0.76 0.76 0.76 0.76 0.76 0.76 0.76 0.76 0.76 0.76 0.76 0.76 0.76 0.76 
;
param AccumulatedAnnualDemand default 0 := 
;
param SpecifiedAnnualDemand default 0 := 
[RE1,*,*]: 
2020 2021 2022 2023 2024 2025 2026 2027 2028 2029 2030 2031 2032 2033 2034 2035 2036 2037 2038 2039 2040 2041 2042 2043 2044 2045 2046 2047 2048 2049 2050 :=
CEELC002 2.022785 2.05109 2.079314 2.107434 2.135431 2.163288 2.190985 2.218506 2.245828 2.272937 2.29981 2.32643 2.352785 2.378855 2.40463 2.430095 2.455241 2.480056 2.50453 2.52865 2.552413 2.575808 2.598824 2.621456 2.643697 2.665541 2.68698 2.708007 2.728617 2.748799 2.768549 
;
param SpecifiedDemandProfile default 0 := 
[RE1,CEELC002,*,*]: 
2020 2021 2022 2023 2024 2025 2026 2027 2028 2029 2030 2031 2032 2033 2034 2035 2036 2037 2038 2039 2040 2041 2042 2043 2044 2045 2046 2047 2048 2049 2050 :=
S11 0.019 0.019 0.019 0.019 0.019 0.019 0.019 0.019 0.019 0.019 0.019 0.019 0.019 0.019 0.019 0.019 0.019 0.019 0.019 0.019 0.019 0.019 0.019 0.019 0.019 0.019 0.019 0.019 0.019 0.019 0.019 
S12 0.021 0.021 0.021 0.021 0.021 0.021 0.021 0.021 0.021 0.021 0.021 0.021 0.021 0.021 0.021 0.021 0.021 0.021 0.021 0.021 0.021 0.021 0.021 0.021 0.021 0.021 0.021 0.021 0.021 0.021 0.021 
S13 0.019 0.019 0.019 0.019 0.019 0.019 0.019 0.019 0.019 0.019 0.019 0.019 0.019 0.019 0.019 0.019 0.019 0.019 0.019 0.019 0.019 0.019 0.019 0.019 0.019 0.019 0.019 0.019 0.019 0.019 0.019 
S14 0.023 0.023 0.023 0.023 0.023 0.023 0.023 0.023 0.023 0.023 0.023 0.023 0.023 0.023 0.023 0.023 0.023 0.023 0.023 0.023 0.023 0.023 0.023 0.023 0.023 0.023 0.023 0.023 0.023 0.023 0.023 
S21 0.037 0.037 0.037 0.037 0.037 0.037 0.037 0.037 0.037 0.037 0.037 0.037 0.037 0.037 0.037 0.037 0.037 0.037 0.037 0.037 0.037 0.037 0.037 0.037 0.037 0.037 0.037 0.037 0.037 0.037 0.037 
S22 0.04 0.04 0.04 0.04 0.04 0.04 0.04 0.04 0.04 0.04 0.04 0.04 0.04 0.04 0.04 0.04 0.04 0.04 0.04 0.04 0.04 0.04 0.04 0.04 0.04 0.04 0.04 0.04 0.04 0.04 0.04 
S23 0.035 0.035 0.035 0.035 0.035 0.035 0.035 0.035 0.035 0.035 0.035 0.035 0.035 0.035 0.035 0.035 0.035 0.035 0.035 0.035 0.035 0.035 0.035 0.035 0.035 0.035 0.035 0.035 0.035 0.035 0.035 
S24 0.045 0.045 0.045 0.045 0.045 0.045 0.045 0.045 0.045 0.045 0.045 0.045 0.045 0.045 0.045 0.045 0.045 0.045 0.045 0.045 0.045 0.045 0.045 0.045 0.045 0.045 0.045 0.045 0.045 0.045 0.045 
S31 0.032 0.032 0.032 0.032 0.032 0.032 0.032 0.032 0.032 0.032 0.032 0.032 0.032 0.032 0.032 0.032 0.032 0.032 0.032 0.032 0.032 0.032 0.032 0.032 0.032 0.032 0.032 0.032 0.032 0.032 0.032 
S32 0.034 0.034 0.034 0.034 0.034 0.034 0.034 0.034 0.034 0.034 0.034 0.034 0.034 0.034 0.034 0.034 0.034 0.034 0.034 0.034 0.034 0.034 0.034 0.034 0.034 0.034 0.034 0.034 0.034 0.034 0.034 
S33 0.03 0.03 0.03 0.03 0.03 0.03 0.03 0.03 0.03 0.03 0.03 0.03 0.03 0.03 0.03 0.03 0.03 0.03 0.03 0.03 0.03 0.03 0.03 0.03 0.03 0.03 0.03 0.03 0.03 0.03 0.03 
S34 0.041 0.041 0.041 0.041 0.041 0.041 0.041 0.041 0.041 0.041 0.041 0.041 0.041 0.041 0.041 0.041 0.041 0.041 0.041 0.041 0.041 0.041 0.041 0.041 0.041 0.041 0.041 0.041 0.041 0.041 0.041 
S41 0.029 0.029 0.029 0.029 0.029 0.029 0.029 0.029 0.029 0.029 0.029 0.029 0.029 0.029 0.029 0.029 0.029 0.029 0.029 0.029 0.029 0.029 0.029 0.029 0.029 0.029 0.029 0.029 0.029 0.029 0.029 
S42 0.031 0.031 0.031 0.031 0.031 0.031 0.031 0.031 0.031 0.031 0.031 0.031 0.031 0.031 0.031 0.031 0.031 0.031 0.031 0.031 0.031 0.031 0.031 0.031 0.031 0.031 0.031 0.031 0.031 0.031 0.031 
S43 0.028 0.028 0.028 0.028 0.028 0.028 0.028 0.028 0.028 0.028 0.028 0.028 0.028 0.028 0.028 0.028 0.028 0.028 0.028 0.028 0.028 0.028 0.028 0.028 0.028 0.028 0.028 0.028 0.028 0.028 0.028 
S44 0.038 0.038 0.038 0.038 0.038 0.038 0.038 0.038 0.038 0.038 0.038 0.038 0.038 0.038 0.038 0.038 0.038 0.038 0.038 0.038 0.038 0.038 0.038 0.038 0.038 0.038 0.038 0.038 0.038 0.038 0.038 
S51 0.032 0.032 0.032 0.032 0.032 0.032 0.032 0.032 0.032 0.032 0.032 0.032 0.032 0.032 0.032 0.032 0.032 0.032 0.032 0.032 0.032 0.032 0.032 0.032 0.032 0.032 0.032 0.032 0.032 0.032 0.032 
S52 0.034 0.034 0.034 0.034 0.034 0.034 0.034 0.034 0.034 0.034 0.034 0.034 0.034 0.034 0.034 0.034 0.034 0.034 0.034 0.034 0.034 0.034 0.034 0.034 0.034 0.034 0.034 0.034 0.034 0.034 0.034 
S53 0.03 0.03 0.03 0.03 0.03 0.03 0.03 0.03 0.03 0.03 0.03 0.03 0.03 0.03 0.03 0.03 0.03 0.03 0.03 0.03 0.03 0.03 0.03 0.03 0.03 0.03 0.03 0.03 0.03 0.03 0.03 
S54 0.041 0.041 0.041 0.041 0.041 0.041 0.041 0.041 0.041 0.041 0.041 0.041 0.041 0.041 0.041 0.041 0.041 0.041 0.041 0.041 0.041 0.041 0.041 0.041 0.041 0.041 0.041 0.041 0.041 0.041 0.041 
S61 0.084 0.084 0.084 0.084 0.084 0.084 0.084 0.084 0.084 0.084 0.084 0.084 0.084 0.084 0.084 0.084 0.084 0.084 0.084 0.084 0.084 0.084 0.084 0.084 0.084 0.084 0.084 0.084 0.084 0.084 0.084 
S62 0.092 0.092 0.092 0.092 0.092 0.092 0.092 0.092 0.092 0.092 0.092 0.092 0.092 0.092 0.092 0.092 0.092 0.092 0.092 0.092 0.092 0.092 0.092 0.092 0.092 0.092 0.092 0.092 0.092 0.092 0.092 
S63 0.082 0.082 0.082 0.082 0.082 0.082 0.082 0.082 0.082 0.082 0.082 0.082 0.082 0.082 0.082 0.082 0.082 0.082 0.082 0.082 0.082 0.082 0.082 0.082 0.082 0.082 0.082 0.082 0.082 0.082 0.082 
S64 0.103 0.103 0.103 0.103 0.103 0.103 0.103 0.103 0.103 0.103 0.103 0.103 0.103 0.103 0.103 0.103 0.103 0.103 0.103 0.103 0.103 0.103 0.103 0.103 0.103 0.103 0.103 0.103 0.103 0.103 0.103 
;
param AnnualEmissionLimit default 999999 := 
;
param EmissionsPenalty default 0 := 
;
param EmissionActivityRatio default 0 := 
[RE1,MINNGS,CO2eq,*,*]:
2020 2021 2022 2023 2024 2025 2026 2027 2028 2029 2030 2031 2032 2033 2034 2035 2036 2037 2038 2039 2040 2041 2042 2043 2044 2045 2046 2047 2048 2049 2050 :=
1 0.06 0.06 0.06 0.06 0.06 0.06 0.06 0.06 0.06 0.06 0.06 0.06 0.06 0.06 0.06 0.06 0.06 0.06 0.06 0.06 0.06 0.06 0.06 0.06 0.06 0.06 0.06 0.06 0.06 0.06 0.06 
;
param EmissionToActivityChangeRatio default 0 := 
;
#
end;